0	68	0.5	1	
0	79	0.5	1	
0	84	1	1	
5	68	0.5	1	
5	79	0.5	1	
6	71	1	1	
6	79	2	2	
7	58	1	1	
15	49	1	1	
15	53	0.5	1	
15	58	0.5	1	
16	52	1	1	
16	69	2.5	3	
16	84	0.5	1	
18	53	0.5	1	
18	58	0.5	1	
18	68	1	1	
18	69	1	1	
18	78	1	1	
19	51	2	2	
19	69	1	1	
20	40	1	1	
20	41	1	1	
20	77	1	1	
20	78	2	2	
21	45	1	1	
21	55	1	1	
21	69	5	5	
21	77	1	1	
21	78	1	1	
21	85	1	1	
22	50	1	1	
22	69	2	2	
22	78	3	3	
23	69	2	2	
24	68	3.5	4	
24	79	0.5	1	
26	89	2	2	
28	47	1	1	
28	54	1	1	
28	60	1	1	
28	75	1	1	
28	78	1	1	
28	86	1.5	2	
28	89	1	1	
28	90	0.5	1	
29	30	2	2	
31	32	3	3	
32	41	0.5	1	
32	43	9.25	9	
32	47	13.5	14	
32	63	0.5	1	
32	70	0.5	1	
32	74	0.5	1	
32	76	1	1	
32	78	1	1	
32	82	1.25	1	
32	86	1	1	
33	40	2	2	
33	45	0.5	1	
33	48	13	13	
33	62	1	1	
33	63	1.5	2	
33	66	2.5	3	
33	71	1	1	
33	74	1.5	2	
33	77	1	1	
34	41	1	1	
34	69	3	3	
35	43	1	1	
35	44	1	1	
35	46	1	1	
35	47	1	1	
35	53	1	1	
35	58	1	1	
35	60	1	1	
35	70	1	1	
35	75	1	1	
35	82	1	1	
36	49	1	1	
36	53	1	1	
36	55	1	1	
36	61	1	1	
36	66	1	1	
36	69	3	3	
37	69	5	5	
37	79	1	1	
38	68	1	1	
39	49	1	1	
39	57	1	1	
39	58	2	2	
39	68	0.5	1	
39	79	1.5	2	
40	41	1	1	
40	43	1	1	
40	48	1	1	
40	63	2	2	
40	67	1	1	
40	70	1	1	
40	71	1	1	
40	74	2	2	
40	78	2	2	
41	43	0.5	1	
41	53	1	1	
41	61	2.5	3	
41	62	2	2	
41	70	2	2	
41	71	3	3	
41	78	2	2	
41	86	1	1	
41	88	2.5	3	
42	45	2	2	
42	62	1	1	
42	67	1	1	
42	68	5.5	6	
42	72	1	1	
42	75	1	1	
42	78	2	2	
42	79	1.5	2	
42	88	2	2	
43	45	1.5	2	
43	47	1	1	
43	58	1	1	
43	61	2	2	
43	62	2	2	
43	63	0.5	1	
43	68	3	3	
43	70	0.5	1	
43	71	7	7	
43	74	1.5	2	
43	76	1	1	
43	77	5.5	6	
43	79	1	1	
43	80	1	1	
43	82	10.3333	10	
43	83	1	1	
43	86	2	2	
43	88	1.25	1	
44	53	1.5	2	
44	58	1.5	2	
44	60	1	1	
44	79	2	2	
44	83	1	1	
45	46	1	1	
45	48	0.5	1	
45	50	2	2	
45	61	1.5	2	
45	62	11.5	12	
45	64	1	1	
45	67	2.5	3	
45	70	2	2	
45	71	8	8	
45	74	4	4	
45	77	1	1	
45	78	8	8	
45	79	2	2	
45	82	1.5	2	
45	86	3	3	
45	87	1	1	
45	88	0.5	1	
45	91	1	1	
46	53	1	1	
46	58	1	1	
46	60	1	1	
46	62	4.5	5	
46	67	0.5	1	
46	71	1.5	2	
46	75	3	3	
46	78	9	9	
46	82	1	1	
46	83	1	1	
46	86	6.5	7	
46	90	0.5	1	
47	49	1.5	2	
47	53	1.5	2	
47	54	0.5	1	
47	58	1.5	2	
47	60	2	2	
47	67	2	2	
47	75	1	1	
47	76	1	1	
47	79	2.25	2	
47	82	3	3	
47	86	2	2	
47	89	3	3	
47	90	1	1	
48	63	0.5	1	
48	66	0.5	1	
48	74	0.5	1	
48	77	5	5	
48	78	1	1	
49	54	5	5	
49	58	1	1	
49	66	4	4	
49	68	2	2	
49	69	3	3	
49	72	1	1	
49	79	2	2	
49	81	1	1	
49	86	1	1	
50	52	2	2	
50	55	2	2	
50	62	0.5	1	
50	67	1.5	2	
50	68	1	1	
50	69	13	13	
50	70	1	1	
50	71	1	1	
50	74	1	1	
50	78	10	10	
50	84	5	5	
50	85	1	1	
50	86	1	1	
51	53	1	1	
51	66	1	1	
51	68	1	1	
51	70	1	1	
51	72	1	1	
51	75	1	1	
51	78	5	5	
51	79	1	1	
52	55	2	2	
52	69	32	32	
52	78	2	2	
52	84	1	1	
53	54	1.5	2	
53	55	0.5	1	
53	57	0.5	1	
53	58	23.5	24	
53	60	3	3	
53	66	1.5	2	
53	68	2.5	3	
53	71	2	2	
53	75	7	7	
53	78	3	3	
53	79	1	1	
53	82	1.5	2	
53	83	2.5	3	
53	86	1	1	
53	89	1	1	
53	90	1.5	2	
54	56	1	1	
54	58	0.5	1	
54	60	1	1	
54	61	3	3	
54	68	5	5	
54	69	1	1	
54	71	1	1	
54	72	1	1	
54	79	1	1	
54	84	1	1	
54	85	2	2	
55	58	0.5	1	
55	66	1	1	
55	68	1	1	
55	69	37.5	38	
55	71	2	2	
55	75	1	1	
55	78	11	11	
55	84	3.5	4	
55	85	8	8	
55	91	1	1	
56	68	3	3	
56	72	6	6	
56	76	1	1	
56	80	1	1	
57	58	1.5	2	
57	68	0.5	1	
57	79	0.5	1	
57	83	1	1	
57	89	1	1	
58	60	2	2	
58	64	3	3	
58	66	2.5	3	
58	68	9	9	
58	72	6	6	
58	75	10	10	
58	76	5	5	
58	78	3	3	
58	79	0.5	1	
58	82	0.5	1	
58	83	2.5	3	
58	86	1	1	
58	89	1	1	
58	90	0.5	1	
59	65	1	1	
59	68	0.5	1	
59	75	1	1	
59	76	3	3	
59	79	1.5	2	
59	85	1	1	
59	86	3	3	
59	88	2	2	
60	61	2	2	
60	62	1	1	
60	66	1	1	
60	70	1	1	
60	71	2	2	
60	78	1	1	
60	82	2	2	
60	83	1	1	
60	86	4	4	
60	88	5	5	
61	62	1.5	2	
61	63	0.5	1	
61	68	4	4	
61	69	2	2	
61	70	3	3	
61	71	3	3	
61	74	1	1	
61	75	2	2	
61	78	2.5	3	
61	79	1	1	
61	80	1	1	
61	82	1	1	
61	84	2	2	
61	85	1	1	
61	86	3.5	4	
61	88	11.5	12	
61	91	1	1	
62	67	20	20	
62	69	1	1	
62	70	7	7	
62	71	2.5	3	
62	73	0.5	1	
62	77	2	2	
62	78	0.5	1	
62	79	3	3	
62	82	3	3	
62	86	7.5	8	
62	87	1.5	2	
62	88	2.5	3	
62	91	2.5	3	
63	88	1.5	2	
64	68	3	3	
64	78	2	2	
65	86	3	3	
66	68	1	1	
66	69	1	1	
66	78	1	1	
66	79	1	1	
66	84	1	1	
66	85	1	1	
66	86	2	2	
67	70	3	3	
67	71	4	4	
67	73	0.5	1	
67	78	0.5	1	
67	82	1	1	
67	86	2	2	
67	87	1.5	2	
67	88	1	1	
67	91	1.5	2	
68	69	2	2	
68	70	1	1	
68	72	3	3	
68	73	2	2	
68	75	1	1	
68	76	2.5	3	
68	78	14	14	
68	79	20.5	21	
68	80	6	6	
68	83	4.5	5	
68	84	1.5	2	
69	71	5	5	
69	74	1	1	
69	75	1	1	
69	77	1	1	
69	78	13	13	
69	79	2.5	3	
69	82	1	1	
69	84	25	25	
69	85	6	6	
69	86	3	3	
69	90	1	1	
69	91	2	2	
70	71	9	9	
70	74	1	1	
70	80	1	1	
70	86	1	1	
70	87	2	2	
70	88	1	1	
70	90	1	1	
71	73	1	1	
71	74	1	1	
71	75	3	3	
71	78	7	7	
71	79	4	4	
71	80	3	3	
71	82	6.83333	7	
71	86	7	7	
71	87	1	1	
71	88	7	7	
71	91	1	1	
72	75	1	1	
74	77	9	9	
74	78	5	5	
74	79	1	1	
74	91	6	6	
75	76	3	3	
75	78	4	4	
75	79	1	1	
75	80	2	2	
75	83	1	1	
75	86	3.5	4	
75	90	1.5	2	
76	78	2	2	
76	79	1.5	2	
76	82	1	1	
76	83	2	2	
76	86	1	1	
76	90	10	10	
77	78	1	1	
77	91	3	3	
78	79	7	7	
78	82	2	2	
78	84	4	4	
78	85	4	4	
78	86	7.5	8	
78	88	2.5	3	
78	90	9.5	10	
78	91	3	3	
79	82	2	2	
79	83	0.5	1	
79	86	1	1	
79	88	2	2	
80	82	1	1	
80	86	1	1	
82	86	9	9	
82	87	1	1	
82	88	4.25	4	
82	90	1	1	
83	84	1	1	
83	86	1	1	
83	89	1	1	
84	85	3	3	
86	87	3	3	
86	88	2.5	3	
86	90	10.5	11	
86	91	1	1	
87	91	1	1	
88	90	1	1	
89	90	1	1	
90	91	1	1	
92	93	1	1	
94	95	1	1	
96	97	1	1	
98	99	1	1	
100	101	1	1	
102	103	1	1	
104	105	1	1	
104	106	1	1	
105	119	1	1	
107	108	1	1	
108	136	1	1	
109	110	1	1	
111	112	1	1	
113	114	1	1	
115	116	1	1	
117	118	1	1	
120	121	1	1	
122	123	1	1	
124	125	1	1	
126	127	1	1	
128	129	1	1	
130	131	1	1	
132	133	1	1	
134	135	1	1	
137	138	1	1	
139	140	1	1	
141	142	1	1	
143	144	1	1	
145	146	1	1	
147	148	1	1	
149	150	1	1	
151	152	1	1	
153	154	1	1	
155	156	1	1	
155	157	1	1	
158	159	1	1	
160	161	1	1	
162	163	1	1	
164	165	1	1	
164	166	1	1	
165	177	1	1	
167	168	1	1	
169	170	1	1	
171	172	1	1	
173	174	1	1	
175	176	1	1	
178	179	1	1	
180	181	1	1	
182	183	1	1	
184	185	1	1	
186	187	1	1	
186	188	1	1	
189	190	1	1	
191	192	1	1	
193	194	1	1	
195	196	1	1	
197	198	1	1	
199	200	1	1	
201	202	1	1	
203	204	1	1	
205	206	1	1	
207	208	1	1	
209	210	1	1	
211	212	1	1	
213	214	1	1	
215	216	1	1	
217	218	1	1	
219	220	1	1	
221	222	1	1	
