0	72	1	1	
0	73	3	3	
0	74	4	4	
0	97	1	1	
2	65	4	4	
2	70	1	1	
2	71	7	7	
2	72	1	1	
2	73	2	3	
2	74	17	18	
2	90	1	1	
2	97	1	1	
2	100	1	1	
2	103	4	4	
2	105	1	1	
65	66	11	11	
65	68	2	2	
65	69	3	4	
65	70	32	34	
65	71	13	14	
65	72	14	15	
65	73	2.5	3	
65	74	20	20	
65	93	1	1	
65	97	1	1	
65	98	1	1	
65	99	1	1	
65	100	1	1	
65	102	1	1	
65	103	1	1	
66	68	7	8	
66	69	1.5	2	
66	70	24.3333	26	
66	71	3	3	
66	72	14	14	
66	73	14.5	14	
66	74	12	13	
66	99	2	2	
66	102	1	1	
67	70	1	1	
67	71	6	6	
67	74	5	5	
67	103	1	1	
68	69	10	11	
68	70	16	17	
68	71	16	16	
68	72	2	2	
68	73	0.5	1	
68	74	1	1	
68	93	1	1	
69	70	6	7	
69	71	3	3	
69	73	0.5	1	
69	93	1	1	
69	103	3	4	
70	71	31	33	
70	72	24.5	25	
70	73	2.5	3	
70	74	24	24	
70	81	1	1	
70	99	1	1	
70	102	7.5	9	
70	104	2	3	
71	72	25	26	
71	73	1	1	
71	74	48	50	
71	75	1	1	
71	92	2	2	
71	93	2	2	
71	94	2	2	
71	97	1	1	
71	98	3	3	
71	100	4	4	
71	102	9	9	
71	103	5	5	
72	73	6	6	
72	74	30	34	
72	97	2	3	
72	102	7	8	
72	103	2	2	
73	74	6.25	7	
73	97	1	1	
73	99	1	1	
74	75	1	2	
74	80	1	2	
74	81	2	2	
74	82	1	1	
74	90	1	2	
74	92	2	3	
74	97	1	1	
74	99	4	4	
74	100	1	1	
74	101	1	1	
74	102	6	6	
74	103	6	7	
74	104	2	2	
99	102	1	1	
100	103	1	1	
