#module 0 size: 3 bs: 0.00625138
399 1250 1251 
#module 1 size: 3 bs: 0.0722711
176 379 756 
#module 2 size: 5 bs: 0.054536
282 589 592 1144 1509 
#module 3 size: 4 bs: 0.00224172
340 341 529 709 
#module 4 size: 6 bs: 0.015776
364 365 366 590 2112 2572 
#module 5 size: 3 bs: 0.0066343
1999 2003 2515 
#module 6 size: 3 bs: 0.00688534
524 1169 1454 
#module 7 size: 3 bs: 0.0823097
921 1265 1725 
#module 8 size: 9 bs: 0.0289146
1108 1276 1308 1415 1503 1504 1506 1507 1525 
#module 9 size: 5 bs: 0.0690252
1759 2288 2697 2698 2700 
#module 10 size: 4 bs: 0.00237374
1764 1765 1770 1938 
#module 11 size: 3 bs: 6.52917e-005
1777 1802 2064 
#module 12 size: 3 bs: 0.054984
1804 1805 2289 
#module 13 size: 4 bs: 0.000677569
2236 2262 2435 2542 
#module 14 size: 3 bs: 0.0383958
2247 2263 2701 
#module 15 size: 7 bs: 0.25927
19 424 571 1762 2331 2495 2694 
#module 16 size: 7 bs: 0.487491
53 243 357 537 803 1439 1563 
#module 17 size: 5 bs: 0.447544
61 240 2308 2637 2652 
#module 18 size: 12 bs: 0.122712
820 829 830 907 918 962 1115 1146 1252 1477 1485 1634 
#module 19 size: 7 bs: 0.547418
77 132 143 180 337 346 363 
#module 20 size: 9 bs: 0.613619
281 858 991 1084 1368 1951 2035 2303 2556 
#module 21 size: 17 bs: 0.961902
174 496 501 503 663 900 1583 1813 1818 1851 1896 1952 2029 2073 2393 2396 2563 
#module 22 size: 8 bs: 0.53795
657 936 961 988 1447 1515 1581 1711 
#module 23 size: 4 bs: 0.14913
941 1441 1638 1717 
#module 24 size: 6 bs: 0.891
217 241 763 1760 1879 2355 
#module 25 size: 4 bs: 0.980487
272 516 914 1551 
#module 26 size: 10 bs: 0.356064
784 845 850 852 855 917 996 1015 1338 1654 
#module 27 size: 8 bs: 1.05379
1955 2149 2188 2189 2190 2194 2365 2668 
#module 28 size: 11 bs: 0.669176
522 525 684 1158 1199 1419 1425 1427 1550 1555 1624 
#module 29 size: 9 bs: 0.664915
158 165 184 302 307 428 432 433 598 
#module 30 size: 17 bs: 0.390478
86 195 196 216 249 373 652 707 735 1750 1956 1961 2100 2106 2436 2527 2649 
#module 31 size: 29 bs: 0.504756
67 270 275 276 279 339 342 464 467 495 573 729 1549 1602 1800 1901 1907 1945 1993 1994 1995 2000 2016 2097 2115 2241 2301 2546 2588 
#module 32 size: 42 bs: 0.385775
51 105 211 248 260 312 398 419 485 619 645 772 776 827 909 913 971 1324 1326 1527 1543 1602 1747 1838 1894 1908 2069 2076 2088 2144 2160 2161 2166 2167 2380 2420 2434 2514 2524 2525 2559 2561 
#module 33 size: 29 bs: 1.02697
75 911 992 994 1001 1039 1040 1089 1123 1176 1188 1304 1317 1354 1426 1465 1674 1680 1695 1854 1855 1864 1976 2048 2075 2122 2299 2482 2645 
#module 34 size: 5 bs: 0.448862
100 265 758 1980 2457 
#module 35 size: 10 bs: 0.810832
101 331 926 1112 1403 2415 2596 2669 2680 2686 
#module 36 size: 14 bs: 0.21494
1773 1775 1788 1793 1794 1795 2082 2116 2125 2143 2178 2181 2545 2582 
#module 37 size: 13 bs: 0.17961
65 743 744 1892 2030 2077 2128 2130 2131 2316 2319 2479 2659 
#module 38 size: 8 bs: 0.853589
1120 1677 1753 2191 2268 2275 2445 2522 
#module 39 size: 15 bs: 0.435043
1668 1910 2081 2159 2242 2366 2375 2388 2416 2458 2488 2506 2535 2575 2661 
#module 40 size: 15 bs: 0.754479
66 69 149 183 454 539 541 883 1152 1209 1210 1453 1665 2359 2520 
#module 41 size: 18 bs: 0.292133
102 134 318 404 445 690 1173 1423 1893 1895 1987 2012 2023 2135 2310 2333 2583 2607 
#module 42 size: 13 bs: 0.747169
106 204 224 274 597 741 797 1645 1811 2049 2218 2410 2650 
#module 43 size: 32 bs: 0.10276
215 401 442 485 632 711 719 960 1020 1049 1071 1085 1133 1292 1329 1545 1582 1666 1838 1908 1909 1986 2017 2127 2338 2380 2462 2508 2514 2558 2561 2677 
#module 44 size: 16 bs: 0.357063
607 774 821 1050 1055 1059 1171 1306 1310 1389 1417 1421 1492 1499 2344 2707 
#module 45 size: 47 bs: 0.311397
52 92 136 147 159 228 244 449 470 478 479 521 568 750 754 893 985 1081 1082 1102 1259 1370 1413 1479 1539 1776 1781 1819 1823 1944 2038 2066 2172 2213 2231 2300 2312 2438 2440 2487 2543 2580 2587 2635 2636 2674 2692 
#module 46 size: 33 bs: 0.89948
71 135 164 418 517 654 661 677 740 804 859 929 1104 1170 1198 1260 1262 1269 1312 1559 1599 1641 1664 1667 1683 1697 1703 1791 2090 2118 2442 2509 2530 
#module 47 size: 39 bs: 0.531078
12 27 51 84 117 155 211 312 325 347 452 513 532 645 715 742 768 772 841 897 912 950 987 998 999 1087 1141 1147 1201 1235 1240 1241 1347 1361 1406 1463 1512 2076 2559 
#module 48 size: 21 bs: 0.834456
540 543 603 670 806 1046 1047 1121 1123 1138 1344 1345 1354 1355 1420 1640 1648 1674 1680 1752 2706 
#module 49 size: 40 bs: 0.356958
58 200 206 328 411 512 536 805 912 930 980 990 1021 1028 1037 1042 1043 1062 1100 1149 1150 1254 1323 1435 1464 1470 1488 1490 1610 1774 1875 1891 1968 2058 2232 2439 2553 2594 2619 2651 
#module 50 size: 33 bs: 0.63941
636 764 769 811 846 902 910 964 965 966 981 982 1033 1117 1131 1140 1174 1221 1253 1297 1311 1432 1481 1573 1589 1590 1673 2173 2174 2201 2204 2233 2687 
#module 51 size: 16 bs: 1.06839
111 121 201 233 350 351 595 664 730 770 1825 1889 1966 1990 2093 2648 
#module 52 size: 32 bs: 1.03927
145 714 780 833 1018 1030 1035 1136 1139 1142 1216 1218 1299 1392 1424 1516 1530 1571 1572 1598 1603 1646 1670 1796 1799 1917 1946 1965 2001 2089 2205 2516 
#module 53 size: 38 bs: 0.845656
74 154 263 310 505 547 604 668 906 916 949 975 1079 1220 1315 1366 1373 1508 1538 1718 1724 1754 1867 2013 2138 2239 2335 2373 2374 2382 2413 2414 2452 2507 2513 2562 2595 2683 
#module 54 size: 23 bs: 0.596018
80 112 542 572 779 816 881 1119 1145 1149 1150 1195 1203 1323 1411 1630 2044 2129 2203 2295 2397 2405 2454 
#module 55 size: 93 bs: 0.218405
55 120 139 141 168 188 290 361 380 475 721 781 844 854 860 934 940 956 974 995 1009 1034 1054 1099 1114 1178 1184 1230 1231 1232 1249 1257 1362 1371 1473 1474 1495 1631 1688 1690 1696 1719 1736 1737 1745 1769 1771 1784 1839 1840 1872 1911 1925 1936 1940 1943 1950 1958 1959 1971 1984 1985 2065 2086 2087 2133 2139 2175 2196 2199 2206 2211 2216 2220 2226 2238 2249 2250 2259 2261 2267 2271 2330 2361 2379 2392 2407 2478 2598 2604 2641 2688 2705 
#module 56 size: 43 bs: 0.386105
43 59 169 212 293 330 354 387 476 570 576 605 676 834 839 872 873 874 920 1014 1056 1058 1067 1072 1091 1200 1211 1243 1245 1246 1247 1258 1381 1520 1524 1526 1709 1801 1814 1821 1922 2026 2552 
#module 57 size: 20 bs: 0.311566
10 97 190 192 193 280 356 388 420 439 510 519 705 2214 2223 2448 2526 2549 2590 2608 
#module 58 size: 52 bs: 0.505891
74 90 125 133 179 261 263 271 310 345 368 377 394 413 511 579 604 608 611 622 626 668 680 718 864 975 1079 1103 1116 1315 1579 1755 1763 1829 1856 1868 1906 2050 2055 2230 2260 2266 2325 2340 2352 2378 2389 2421 2432 2501 2538 2654 
#module 59 size: 24 bs: 0.995233
0 7 8 14 232 258 268 384 435 437 443 544 613 616 746 751 1865 1878 1953 2046 2107 2496 2571 2574 
#module 60 size: 18 bs: 0.228044
317 417 431 508 853 1019 1161 1191 1493 1608 1702 1732 2225 2324 2326 2423 2627 2657 
#module 61 size: 39 bs: 0.173221
11 151 187 322 360 375 397 462 624 625 659 695 700 701 822 836 879 951 986 1256 1266 1301 1576 1595 1644 1657 1663 1824 1862 1863 1964 1967 2006 2346 2484 2605 2614 2616 2675 
#module 62 size: 48 bs: 0.350804
178 218 286 335 344 378 396 414 585 675 692 963 1027 1177 1180 1260 1275 1312 1322 1428 1442 1445 1519 1620 1622 1627 1881 1963 2010 2042 2079 2091 2195 2215 2229 2290 2291 2329 2339 2424 2447 2449 2450 2539 2589 2609 2617 2663 
#module 63 size: 10 bs: 1.025
288 313 534 801 1377 1475 1542 1642 2157 2565 
#module 64 size: 11 bs: 0.449795
851 899 903 1088 1352 1390 1491 1564 1565 1605 1672 
#module 65 size: 11 bs: 0.513642
299 596 1853 1861 2005 2083 2141 2320 2345 2418 2511 
#module 66 size: 28 bs: 1.08541
28 144 254 405 407 409 444 586 753 968 1005 1176 1285 1293 1298 1313 1382 1592 1600 1606 1623 1655 1866 2272 2278 2283 2284 2381 
#module 67 size: 33 bs: 0.173172
1 316 344 414 675 837 1007 1135 1208 1267 1429 1434 1442 1444 1445 1489 1671 1686 1919 2031 2032 2126 2171 2215 2217 2253 2282 2339 2426 2431 2441 2493 2591 
#module 68 size: 80 bs: 0.719882
17 18 72 73 83 91 104 110 113 122 124 127 146 153 175 198 202 205 207 229 234 235 315 336 349 353 362 369 386 427 458 494 526 545 561 599 600 609 610 620 628 655 665 666 685 687 696 703 724 737 745 747 771 866 890 1093 1157 1652 1659 1700 1704 1756 1884 1885 1886 1902 1916 1932 2024 2085 2162 2228 2336 2400 2433 2437 2579 2599 2603 2613 
#module 69 size: 138 bs: 0.558053
22 38 42 129 163 189 191 219 237 262 266 273 309 329 343 372 390 395 402 422 448 530 538 546 563 606 727 728 755 757 765 793 800 813 815 856 880 935 942 943 959 1016 1060 1063 1065 1069 1070 1077 1096 1098 1106 1110 1113 1127 1130 1136 1153 1159 1167 1204 1205 1206 1207 1219 1224 1225 1264 1274 1279 1286 1303 1305 1330 1331 1332 1333 1334 1369 1379 1380 1404 1410 1455 1466 1467 1514 1518 1523 1536 1558 1571 1575 1594 1611 1628 1650 1675 1685 1689 1691 1694 1708 1715 1728 1729 1734 1738 1740 1785 1807 1834 1850 1883 1890 1905 2039 2165 2177 2193 2202 2237 2248 2251 2254 2265 2274 2280 2286 2296 2298 2347 2363 2490 2518 2521 2554 2564 2638 
#module 70 size: 45 bs: 0.944565
156 245 303 314 348 426 509 669 877 887 928 983 1002 1008 1010 1011 1061 1073 1182 1244 1302 1486 1528 1531 1569 1578 1587 1596 1609 1636 1647 1651 1679 1684 1721 1726 1735 1970 2074 2084 2113 2486 2586 2615 2623 
#module 71 size: 68 bs: 0.765158
44 88 89 116 119 172 177 208 223 225 236 256 264 375 381 430 436 474 497 618 632 634 635 638 651 660 682 683 686 722 760 762 997 1165 1270 1271 1327 1460 1617 1698 1743 1792 1808 1833 1860 1947 2033 2045 2067 2137 2180 2192 2197 2210 2256 2342 2343 2367 2369 2428 2541 2550 2557 2577 2593 2597 2622 2673 
#module 72 size: 42 bs: 1.08963
123 203 359 527 553 726 731 808 863 989 1068 1300 1320 1342 1418 1450 1656 1710 1778 1787 1822 1871 1935 2019 2147 2322 2337 2357 2376 2385 2422 2459 2498 2499 2500 2505 2567 2606 2610 2611 2662 2676 
#module 73 size: 25 bs: 0.988355
26 297 441 809 812 814 908 919 1041 1044 1080 1129 1190 1222 1229 1321 1341 1365 1615 1639 1903 2297 2304 2612 2625 
#module 74 size: 46 bs: 0.425454
96 166 259 300 320 457 580 582 649 752 817 818 819 824 825 857 901 922 923 1125 1126 1154 1212 1215 1233 1367 1416 1448 1483 1496 1497 1552 1554 1621 1699 1707 2052 2060 2061 2062 2123 2294 2403 2529 2581 2656 
#module 75 size: 48 bs: 0.751366
76 78 131 157 160 181 214 246 371 392 393 469 518 560 587 662 716 766 840 869 938 955 979 1017 1038 1075 1196 1280 1289 1291 1340 1374 1375 1452 1548 1574 1844 1845 1857 2020 2021 2056 2095 2287 2417 2532 2540 2681 
#module 76 size: 27 bs: 0.691184
4 31 107 108 170 250 304 498 499 577 584 639 694 708 736 898 1128 1288 1357 1461 1502 1511 1593 1900 1912 2492 2547 
#module 77 size: 50 bs: 0.985408
30 32 49 50 64 150 221 222 231 284 285 289 486 581 583 612 629 643 679 1049 1071 1126 1148 1163 1214 1278 1292 1329 1348 1351 1498 1534 1535 1537 1556 1597 1635 1843 1904 2158 2184 2276 2371 2372 2398 2399 2489 2544 2568 2626 
#module 78 size: 201 bs: 0.159365
2 3 16 21 24 34 35 39 54 57 60 63 68 82 85 98 103 118 128 148 162 167 173 186 197 209 210 239 252 269 277 283 294 295 298 305 306 311 321 333 367 370 374 385 410 412 415 425 440 446 451 455 460 463 465 466 471 472 473 477 483 502 523 548 552 554 559 562 564 565 566 567 575 588 601 602 621 633 644 650 653 656 671 688 691 699 712 723 733 738 739 749 773 775 789 807 835 842 843 868 870 875 882 933 970 978 1012 1045 1118 1137 1183 1189 1192 1193 1202 1213 1228 1248 1314 1316 1376 1378 1396 1401 1438 1440 1443 1459 1529 1540 1544 1546 1553 1557 1585 1588 1616 1632 1643 1649 1676 1687 1693 1727 1741 1779 1780 1782 1790 1816 1828 1831 1832 1836 1841 1859 1869 1954 1957 1979 1983 2007 2014 2018 2027 2078 2102 2103 2145 2150 2179 2183 2221 2222 2305 2328 2332 2334 2353 2368 2404 2406 2408 2409 2430 2472 2473 2476 2480 2485 2536 2551 2600 2628 2629 2642 2647 2658 2664 2672 2704 
#module 79 size: 52 bs: 0.11607
79 142 227 230 296 391 406 427 438 461 493 520 658 674 698 720 823 946 1179 1283 1284 1318 1399 1405 1547 1577 1758 1766 1772 1786 1810 1820 1887 1914 1939 1975 2176 2207 2209 2255 2258 2306 2307 2351 2383 2411 2412 2453 2569 2655 2666 2689 
#module 80 size: 16 bs: 0.902629
47 87 338 355 383 627 631 1057 1094 1307 1359 1562 1637 2068 2245 2471 
#module 81 size: 24 bs: 0.362143
408 447 531 630 648 693 948 1022 1272 1281 1282 1346 1446 1451 1471 1494 1501 1604 1633 2186 2187 2314 2321 2370 
#module 82 size: 50 bs: 0.319923
56 632 689 710 831 847 848 885 944 957 967 1024 1032 1053 1076 1078 1086 1223 1335 1336 1337 1339 1388 1394 1400 1402 1468 1478 1545 1561 1580 1582 1586 1607 1618 1625 1739 1826 1909 2017 2240 2243 2244 2338 2343 2443 2461 2466 2630 2677 
#module 83 size: 42 bs: 0.781904
33 36 46 238 253 257 301 450 480 489 646 667 832 867 871 954 969 1051 1052 1066 1356 1591 1701 1806 1815 1923 1928 1974 2043 2072 2114 2124 2227 2270 2279 2390 2477 2570 2576 2670 2671 2678 
#module 84 size: 41 bs: 0.329584
15 37 129 152 247 291 403 487 500 538 563 681 958 1036 1175 1204 1261 1325 1383 1384 1398 1409 1662 1767 1768 1797 1969 1973 2051 2104 2165 2170 2193 2200 2257 2309 2363 2444 2446 2451 2703 
#module 85 size: 30 bs: 0.360725
1134 1143 1277 1353 1408 1476 1533 1730 1880 1921 1931 2047 2101 2111 2152 2252 2269 2277 2281 2302 2317 2402 2429 2470 2504 2624 2643 2646 2667 2702 
#module 86 size: 168 bs: 0.107456
9 20 25 29 40 70 109 114 130 171 199 242 255 267 287 308 319 334 400 421 423 429 453 456 459 481 488 506 507 514 535 549 550 555 556 557 558 569 574 591 614 615 640 672 706 732 761 767 778 786 791 792 798 826 828 876 884 924 931 1000 1003 1004 1006 1025 1026 1074 1092 1095 1105 1124 1181 1185 1197 1237 1238 1269 1273 1290 1296 1343 1358 1360 1363 1364 1386 1422 1430 1433 1449 1456 1457 1462 1469 1482 1484 1500 1521 1522 1560 1566 1567 1658 1661 1692 1705 1712 1748 1827 1835 1846 1847 1848 1876 1888 1897 1918 1924 1927 1934 1962 2004 2011 2015 2028 2034 2036 2040 2053 2054 2059 2080 2092 2098 2099 2110 2146 2155 2156 2168 2169 2182 2198 2224 2246 2273 2315 2327 2329 2350 2354 2356 2360 2391 2394 2427 2455 2463 2475 2483 2537 2548 2618 2633 2634 2653 2685 2690 2696 
#module 87 size: 15 bs: 0.580998
790 937 977 1187 1226 1234 1263 1510 1809 1830 2057 2071 2465 2585 2695 
#module 88 size: 41 bs: 0.642807
382 434 783 785 861 862 927 947 986 1031 1101 1107 1109 1111 1155 1164 1227 1236 1328 1339 1407 1412 1431 1513 1568 1570 1584 1601 1626 1644 1669 1678 1812 1837 2037 2132 2151 2364 2484 2614 2616 
#module 89 size: 87 bs: 1.05615
23 41 48 93 94 95 99 115 126 137 138 161 182 292 352 358 416 468 491 533 713 725 748 759 777 878 888 889 892 894 896 904 1023 1029 1090 1162 1255 1372 1472 1613 1614 1619 1713 1716 1722 1723 1731 1733 1742 1761 1783 1803 1852 1870 1913 1926 1933 1941 1977 1978 1982 1991 1992 2002 2008 2022 2025 2153 2208 2219 2234 2235 2285 2311 2313 2318 2348 2362 2377 2456 2510 2578 2592 2679 2682 2693 2699 
#module 90 size: 78 bs: 0.809708
5 45 62 185 213 220 278 324 326 327 332 376 389 423 484 490 492 515 557 558 623 637 641 642 697 704 734 782 787 788 810 891 905 915 925 945 952 976 1064 1083 1097 1132 1172 1186 1268 1287 1294 1309 1393 1397 1414 1437 1480 1487 1532 1660 1749 1757 1842 1898 1899 1934 1937 2094 2108 2140 2164 2292 2293 2323 2341 2419 2425 2463 2474 2531 2566 2660 
#module 91 size: 28 bs: 1.07282
6 13 140 251 323 482 551 578 593 594 717 794 795 799 865 932 1122 1194 1385 1505 1653 1706 1877 2467 2468 2502 2555 2560 
#module 92 size: 1 bs: 1
81 
#module 93 size: 1 bs: 1
647 
#module 94 size: 1 bs: 1
194 
#module 95 size: 1 bs: 1
673 
#module 96 size: 1 bs: 1
226 
#module 97 size: 1 bs: 1
617 
#module 98 size: 1 bs: 1
504 
#module 99 size: 1 bs: 1
702 
#module 100 size: 1 bs: 1
528 
#module 101 size: 1 bs: 1
678 
#module 102 size: 1 bs: 1
796 
#module 103 size: 1 bs: 1
1629 
#module 104 size: 1 bs: 1
802 
#module 105 size: 1 bs: 1
973 
#module 106 size: 1 bs: 1
1168 
#module 107 size: 1 bs: 1
838 
#module 108 size: 1 bs: 1
1458 
#module 109 size: 1 bs: 1
849 
#module 110 size: 1 bs: 1
1720 
#module 111 size: 1 bs: 1
886 
#module 112 size: 1 bs: 1
1295 
#module 113 size: 1 bs: 1
895 
#module 114 size: 1 bs: 1
1436 
#module 115 size: 1 bs: 1
939 
#module 116 size: 1 bs: 1
1242 
#module 117 size: 1 bs: 1
953 
#module 118 size: 1 bs: 1
972 
#module 119 size: 1 bs: 1
993 
#module 120 size: 1 bs: 1
984 
#module 121 size: 1 bs: 1
1048 
#module 122 size: 1 bs: 1
1013 
#module 123 size: 1 bs: 1
1156 
#module 124 size: 1 bs: 1
1151 
#module 125 size: 1 bs: 1
1350 
#module 126 size: 1 bs: 1
1160 
#module 127 size: 1 bs: 1
1166 
#module 128 size: 1 bs: 1
1217 
#module 129 size: 1 bs: 1
1349 
#module 130 size: 1 bs: 1
1239 
#module 131 size: 1 bs: 1
1387 
#module 132 size: 1 bs: 1
1319 
#module 133 size: 1 bs: 1
1391 
#module 134 size: 1 bs: 1
1395 
#module 135 size: 1 bs: 1
1541 
#module 136 size: 1 bs: 1
1714 
#module 137 size: 1 bs: 1
1517 
#module 138 size: 1 bs: 1
1612 
#module 139 size: 1 bs: 1
1681 
#module 140 size: 1 bs: 1
1682 
#module 141 size: 1 bs: 1
1744 
#module 142 size: 1 bs: 1
2041 
#module 143 size: 1 bs: 1
1746 
#module 144 size: 1 bs: 1
1948 
#module 145 size: 1 bs: 1
1751 
#module 146 size: 1 bs: 1
2691 
#module 147 size: 1 bs: 1
1789 
#module 148 size: 1 bs: 1
2469 
#module 149 size: 1 bs: 1
1798 
#module 150 size: 1 bs: 1
2120 
#module 151 size: 1 bs: 1
1817 
#module 152 size: 1 bs: 1
2464 
#module 153 size: 1 bs: 1
1849 
#module 154 size: 1 bs: 1
2163 
#module 155 size: 1 bs: 1
1858 
#module 156 size: 1 bs: 1
2481 
#module 157 size: 1 bs: 1
2528 
#module 158 size: 1 bs: 1
1873 
#module 159 size: 1 bs: 1
1998 
#module 160 size: 1 bs: 1
1874 
#module 161 size: 1 bs: 1
1920 
#module 162 size: 1 bs: 1
1882 
#module 163 size: 1 bs: 1
1989 
#module 164 size: 1 bs: 1
1915 
#module 165 size: 1 bs: 1
1981 
#module 166 size: 1 bs: 1
2497 
#module 167 size: 1 bs: 1
1929 
#module 168 size: 1 bs: 1
2349 
#module 169 size: 1 bs: 1
1930 
#module 170 size: 1 bs: 1
2512 
#module 171 size: 1 bs: 1
1942 
#module 172 size: 1 bs: 1
2573 
#module 173 size: 1 bs: 1
1949 
#module 174 size: 1 bs: 1
1960 
#module 175 size: 1 bs: 1
1972 
#module 176 size: 1 bs: 1
2620 
#module 177 size: 1 bs: 1
2491 
#module 178 size: 1 bs: 1
1988 
#module 179 size: 1 bs: 1
2401 
#module 180 size: 1 bs: 1
1996 
#module 181 size: 1 bs: 1
1997 
#module 182 size: 1 bs: 1
2009 
#module 183 size: 1 bs: 1
2534 
#module 184 size: 1 bs: 1
2063 
#module 185 size: 1 bs: 1
2494 
#module 186 size: 1 bs: 1
2070 
#module 187 size: 1 bs: 1
2602 
#module 188 size: 1 bs: 1
2640 
#module 189 size: 1 bs: 1
2096 
#module 190 size: 1 bs: 1
2142 
#module 191 size: 1 bs: 1
2105 
#module 192 size: 1 bs: 1
2621 
#module 193 size: 1 bs: 1
2109 
#module 194 size: 1 bs: 1
2185 
#module 195 size: 1 bs: 1
2117 
#module 196 size: 1 bs: 1
2639 
#module 197 size: 1 bs: 1
2119 
#module 198 size: 1 bs: 1
2154 
#module 199 size: 1 bs: 1
2121 
#module 200 size: 1 bs: 1
2212 
#module 201 size: 1 bs: 1
2134 
#module 202 size: 1 bs: 1
2644 
#module 203 size: 1 bs: 1
2136 
#module 204 size: 1 bs: 1
2148 
#module 205 size: 1 bs: 1
2264 
#module 206 size: 1 bs: 1
2519 
#module 207 size: 1 bs: 1
2358 
#module 208 size: 1 bs: 1
2503 
#module 209 size: 1 bs: 1
2384 
#module 210 size: 1 bs: 1
2460 
#module 211 size: 1 bs: 1
2386 
#module 212 size: 1 bs: 1
2387 
#module 213 size: 1 bs: 1
2395 
#module 214 size: 1 bs: 1
2665 
#module 215 size: 1 bs: 1
2517 
#module 216 size: 1 bs: 1
2533 
#module 217 size: 1 bs: 1
2523 
#module 218 size: 1 bs: 1
2684 
#module 219 size: 1 bs: 1
2584 
#module 220 size: 1 bs: 1
2632 
#module 221 size: 1 bs: 1
2601 
#module 222 size: 1 bs: 1
2631 
