#module 0 size: 97 bs: 0.0119337
23 41 48 93 94 95 99 115 126 137 138 161 182 292 352 358 416 468 491 533 713 725 748 759 777 784 845 850 852 855 878 888 889 892 894 896 904 917 996 1015 1023 1029 1090 1162 1255 1338 1372 1472 1613 1614 1619 1654 1713 1716 1722 1723 1731 1733 1742 1761 1783 1803 1852 1870 1913 1926 1933 1941 1977 1978 1982 1991 1992 2002 2008 2022 2025 2153 2208 2219 2234 2235 2285 2311 2313 2318 2348 2362 2377 2456 2510 2578 2592 2679 2682 2693 2699 
#module 1 size: 26 bs: 0.0783161
86 158 165 184 195 196 216 249 302 307 373 428 432 433 598 652 707 735 1750 1956 1961 2100 2106 2436 2527 2649 
#module 2 size: 60 bs: 0.0378957
58 80 112 200 206 328 411 512 536 542 572 779 805 816 881 912 930 980 990 1021 1028 1037 1042 1043 1062 1100 1119 1145 1149 1150 1195 1203 1254 1323 1411 1435 1464 1470 1488 1490 1610 1630 1774 1875 1891 1968 2044 2058 2129 2203 2232 2295 2397 2405 2439 2454 2553 2594 2619 2651 
#module 3 size: 2 bs: 0.00130671
81 647 
#module 4 size: 2 bs: 0.0597314
194 673 
#module 5 size: 2 bs: 0.0597315
226 617 
#module 6 size: 2 bs: 0.000139367
504 702 
#module 7 size: 2 bs: 0.00995837
528 678 
#module 8 size: 2 bs: 0.00061382
796 1629 
#module 9 size: 4 bs: 1.5099e-014
802 973 993 1168 
#module 10 size: 3 bs: 0.045739
838 1458 1714 
#module 11 size: 2 bs: 0.045739
849 1720 
#module 12 size: 2 bs: 0.0457391
886 1295 
#module 13 size: 2 bs: 0.045739
895 1436 
#module 14 size: 2 bs: 0.0457391
939 1242 
#module 15 size: 2 bs: 0.045739
953 972 
#module 16 size: 2 bs: 0.0454645
984 1048 
#module 17 size: 2 bs: 0.045602
1013 1156 
#module 18 size: 2 bs: 0.045739
1151 1350 
#module 19 size: 2 bs: 0.045739
1160 1166 
#module 20 size: 2 bs: 0.045739
1217 1349 
#module 21 size: 2 bs: 0.045739
1239 1387 
#module 22 size: 2 bs: 0.0457391
1319 1391 
#module 23 size: 2 bs: 0.0457391
1395 1541 
#module 24 size: 2 bs: 0.045739
1517 1612 
#module 25 size: 2 bs: 0.045739
1681 1682 
#module 26 size: 2 bs: 0.045739
1744 2041 
#module 27 size: 2 bs: 0.045739
1746 1948 
#module 28 size: 2 bs: 0.045739
1751 2691 
#module 29 size: 2 bs: 0.045739
1789 2469 
#module 30 size: 2 bs: 0.0457391
1798 2120 
#module 31 size: 2 bs: 0.0457391
1817 2464 
#module 32 size: 2 bs: 0.0457391
1849 2163 
#module 33 size: 3 bs: 0.045739
1858 2481 2528 
#module 34 size: 2 bs: 0.0457391
1873 1998 
#module 35 size: 2 bs: 0.0457391
1874 1920 
#module 36 size: 2 bs: 0.045739
1882 1989 
#module 37 size: 4 bs: 0.0457391
1915 1981 2491 2497 
#module 38 size: 2 bs: 0.0457391
1929 2349 
#module 39 size: 2 bs: 0.045739
1930 2512 
#module 40 size: 2 bs: 0.045602
1942 2573 
#module 41 size: 2 bs: 0.0457391
1949 1960 
#module 42 size: 2 bs: 0.045739
1972 2620 
#module 43 size: 2 bs: 0.045739
1988 2401 
#module 44 size: 2 bs: 0.0454645
1996 1997 
#module 45 size: 2 bs: 0.045739
2009 2534 
#module 46 size: 2 bs: 0.045739
2063 2494 
#module 47 size: 3 bs: 0.045739
2070 2602 2640 
#module 48 size: 2 bs: 0.045739
2096 2142 
#module 49 size: 2 bs: 0.0457391
2105 2621 
#module 50 size: 2 bs: 0.045739
2109 2185 
#module 51 size: 2 bs: 0.045739
2117 2639 
#module 52 size: 2 bs: 0.045739
2119 2154 
#module 53 size: 2 bs: 0.045739
2121 2212 
#module 54 size: 2 bs: 0.0456019
2134 2644 
#module 55 size: 2 bs: 0.045739
2136 2148 
#module 56 size: 2 bs: 0.0457391
2264 2519 
#module 57 size: 2 bs: 0.0457391
2358 2503 
#module 58 size: 2 bs: 0.0457391
2384 2460 
#module 59 size: 2 bs: 0.0457391
2386 2387 
#module 60 size: 2 bs: 0.0457391
2395 2665 
#module 61 size: 2 bs: 0.045739
2517 2533 
#module 62 size: 2 bs: 0.045739
2523 2684 
#module 63 size: 2 bs: 0.045739
2584 2632 
#module 64 size: 2 bs: 0.045739
2601 2631 
#module 65 size: 111 bs: 0.0223152
11 102 134 151 187 317 318 322 360 375 382 397 404 417 431 434 445 462 508 624 625 659 690 695 700 701 783 785 822 836 853 861 862 879 927 947 951 986 1019 1031 1101 1107 1109 1111 1155 1161 1164 1173 1191 1227 1236 1256 1266 1301 1328 1339 1407 1412 1423 1431 1493 1513 1568 1570 1576 1584 1595 1601 1608 1626 1644 1657 1663 1669 1678 1702 1732 1812 1824 1837 1862 1863 1893 1895 1964 1967 1987 2006 2012 2023 2037 2132 2135 2151 2225 2310 2324 2326 2333 2346 2364 2423 2484 2583 2605 2607 2614 2616 2627 2657 2675 
#module 66 size: 75 bs: 0.00316502
56 215 401 442 485 632 689 710 711 719 831 847 848 885 944 957 960 967 1020 1024 1032 1049 1053 1071 1076 1078 1085 1086 1133 1223 1292 1329 1335 1336 1337 1339 1388 1394 1400 1402 1468 1478 1545 1561 1580 1582 1586 1607 1618 1625 1666 1739 1826 1838 1908 1909 1986 2017 2127 2240 2243 2244 2338 2343 2380 2443 2461 2462 2466 2508 2514 2558 2561 2630 2677 
#module 67 size: 23 bs: 0.0317432
77 111 121 132 143 180 201 233 337 346 350 351 363 595 664 730 770 1825 1889 1966 1990 2093 2648 
#module 68 size: 123 bs: 8.29878e-006
6 13 30 32 49 50 64 96 140 150 166 221 222 231 251 259 284 285 289 300 320 323 457 482 486 551 578 580 581 582 583 593 594 612 629 643 649 679 717 752 794 795 799 817 818 819 824 825 857 865 901 922 923 932 1049 1071 1122 1125 1126 1148 1154 1163 1194 1212 1214 1215 1233 1278 1292 1329 1348 1351 1367 1385 1416 1448 1483 1496 1497 1498 1505 1534 1535 1537 1552 1554 1556 1597 1621 1635 1653 1699 1706 1707 1843 1877 1904 2052 2060 2061 2062 2123 2158 2184 2276 2294 2371 2372 2398 2399 2403 2467 2468 2489 2502 2529 2544 2555 2560 2568 2581 2626 2656 
#module 69 size: 71 bs: 0.00159349
66 69 75 149 183 288 313 454 534 539 540 541 543 603 670 801 806 883 911 992 994 1001 1039 1040 1046 1047 1089 1121 1123 1138 1152 1176 1188 1209 1210 1304 1317 1344 1345 1354 1355 1377 1420 1426 1453 1465 1475 1542 1640 1642 1648 1665 1674 1680 1695 1752 1854 1855 1864 1976 2048 2075 2122 2157 2299 2359 2482 2520 2565 2645 2706 
#module 70 size: 249 bs: 0.0179958
1 44 52 88 89 92 116 119 136 147 156 159 172 177 178 208 218 223 225 228 236 244 245 256 264 286 303 314 316 335 344 348 375 378 381 396 414 426 430 436 449 470 474 478 479 497 509 521 568 585 618 632 634 635 638 651 660 669 675 682 683 686 692 722 750 754 760 762 790 837 877 887 893 928 937 963 977 983 985 997 1002 1007 1008 1010 1011 1027 1061 1073 1081 1082 1102 1135 1165 1177 1180 1182 1187 1208 1226 1234 1244 1259 1260 1263 1267 1270 1271 1275 1302 1312 1322 1327 1370 1413 1428 1429 1434 1442 1444 1445 1460 1479 1486 1489 1510 1519 1528 1531 1539 1569 1578 1587 1596 1609 1617 1620 1622 1627 1636 1647 1651 1671 1679 1684 1686 1698 1721 1726 1735 1743 1776 1781 1792 1808 1809 1819 1823 1830 1833 1860 1881 1919 1944 1947 1963 1970 2010 2031 2032 2033 2038 2042 2045 2057 2066 2067 2071 2074 2079 2084 2091 2113 2126 2137 2171 2172 2180 2192 2195 2197 2210 2213 2215 2217 2229 2231 2253 2256 2282 2290 2291 2300 2312 2329 2339 2342 2343 2367 2369 2424 2426 2428 2431 2438 2440 2441 2447 2449 2450 2465 2486 2487 2493 2539 2541 2543 2550 2557 2577 2580 2585 2586 2587 2589 2591 2593 2597 2609 2615 2617 2622 2623 2635 2636 2663 2673 2674 2692 2695 
#module 71 size: 604 bs: 1.03685e-005
2 3 15 16 21 22 24 34 35 37 38 39 42 53 54 55 57 60 63 65 68 82 85 98 103 118 120 128 129 139 141 145 148 152 162 163 167 168 173 174 186 188 189 191 197 209 210 219 237 239 243 247 252 262 266 269 273 277 283 290 291 294 295 298 305 306 309 311 321 329 333 343 357 361 367 370 372 374 380 385 390 395 402 403 410 412 415 422 425 440 446 448 451 455 460 463 465 466 471 472 473 475 477 483 487 496 500 501 502 503 523 530 537 538 546 548 552 554 559 562 563 564 565 566 567 575 588 601 602 606 621 633 636 644 650 653 656 657 663 671 681 688 691 699 712 714 721 723 727 728 733 738 739 743 744 749 755 757 764 765 769 773 775 780 781 789 793 800 803 807 811 813 815 833 835 842 843 844 846 854 856 860 868 870 875 880 882 900 902 910 933 934 935 936 940 942 943 956 958 959 961 964 965 966 970 974 978 981 982 988 995 1009 1012 1016 1018 1030 1033 1034 1035 1036 1045 1054 1060 1063 1065 1069 1070 1077 1096 1098 1099 1106 1110 1113 1114 1117 1118 1127 1130 1131 1134 1136 1137 1139 1140 1142 1143 1153 1159 1167 1174 1175 1178 1183 1184 1189 1192 1193 1202 1204 1205 1206 1207 1213 1216 1218 1219 1221 1224 1225 1228 1230 1231 1232 1248 1249 1253 1257 1261 1264 1274 1277 1279 1286 1297 1299 1303 1305 1311 1314 1316 1325 1330 1331 1332 1333 1334 1353 1362 1369 1371 1376 1378 1379 1380 1383 1384 1392 1396 1398 1401 1404 1408 1409 1410 1424 1432 1438 1439 1440 1443 1447 1455 1459 1466 1467 1473 1474 1476 1481 1495 1514 1515 1516 1518 1523 1529 1530 1533 1536 1540 1544 1546 1553 1557 1558 1563 1571 1572 1573 1575 1581 1583 1585 1588 1589 1590 1594 1598 1603 1611 1616 1628 1631 1632 1643 1646 1649 1650 1662 1670 1673 1675 1676 1685 1687 1688 1689 1690 1691 1693 1694 1696 1708 1711 1715 1719 1727 1728 1729 1730 1734 1736 1737 1738 1740 1741 1745 1767 1768 1769 1771 1779 1780 1782 1784 1785 1790 1796 1797 1799 1807 1813 1816 1818 1828 1831 1832 1834 1836 1839 1840 1841 1850 1851 1859 1869 1872 1880 1883 1890 1892 1896 1905 1911 1917 1921 1925 1931 1936 1940 1943 1946 1950 1952 1954 1957 1958 1959 1965 1969 1971 1973 1979 1983 1984 1985 2001 2007 2014 2018 2027 2029 2030 2039 2047 2051 2065 2073 2077 2078 2086 2087 2089 2101 2102 2103 2104 2111 2128 2130 2131 2133 2139 2145 2150 2152 2165 2170 2173 2174 2175 2177 2179 2183 2193 2196 2199 2200 2201 2202 2204 2205 2206 2211 2216 2220 2221 2222 2226 2233 2237 2238 2248 2249 2250 2251 2252 2254 2257 2259 2261 2265 2267 2269 2271 2274 2277 2280 2281 2286 2296 2298 2302 2305 2309 2316 2317 2319 2328 2330 2332 2334 2347 2353 2361 2363 2368 2379 2392 2393 2396 2402 2404 2406 2407 2408 2409 2429 2430 2444 2446 2451 2470 2472 2473 2476 2478 2479 2480 2485 2490 2504 2516 2518 2521 2536 2551 2554 2563 2564 2598 2600 2604 2624 2628 2629 2638 2641 2642 2643 2646 2647 2658 2659 2664 2667 2672 2687 2688 2702 2703 2704 2705 
#module 72 size: 303 bs: 0.0386085
0 4 5 7 8 9 14 20 25 29 31 40 45 62 70 107 108 109 114 130 170 171 185 199 213 220 232 242 250 255 258 267 268 278 287 299 304 308 319 324 326 327 332 334 376 384 389 400 421 423 429 435 437 443 453 456 459 481 484 488 490 492 498 499 506 507 514 515 535 544 549 550 555 556 557 558 569 574 577 584 591 596 613 614 615 616 623 637 639 640 641 642 672 694 697 704 706 708 732 734 736 746 751 761 767 778 782 786 787 788 791 792 798 810 826 828 876 884 891 898 905 915 924 925 931 945 952 976 1000 1003 1004 1006 1025 1026 1064 1074 1083 1092 1095 1097 1105 1124 1128 1132 1172 1181 1185 1186 1197 1237 1238 1268 1269 1273 1287 1288 1290 1294 1296 1309 1343 1357 1358 1360 1363 1364 1386 1393 1397 1414 1422 1430 1433 1437 1449 1456 1457 1461 1462 1469 1480 1482 1484 1487 1500 1502 1511 1521 1522 1532 1560 1566 1567 1593 1658 1660 1661 1692 1705 1712 1748 1749 1757 1827 1835 1842 1846 1847 1848 1853 1861 1865 1876 1878 1888 1897 1898 1899 1900 1912 1918 1924 1927 1934 1937 1953 1962 2004 2005 2011 2015 2028 2034 2036 2040 2046 2053 2054 2059 2080 2083 2092 2094 2098 2099 2107 2108 2110 2140 2141 2146 2155 2156 2164 2168 2169 2182 2198 2224 2246 2273 2292 2293 2315 2320 2323 2327 2329 2341 2345 2350 2354 2356 2360 2391 2394 2418 2419 2425 2427 2455 2463 2474 2475 2483 2492 2496 2511 2531 2537 2547 2548 2566 2571 2574 2618 2633 2634 2653 2660 2685 2690 2696 
#module 73 size: 102 bs: 0.0399116
12 27 51 67 84 105 117 155 211 248 260 270 275 276 279 312 325 339 342 347 398 419 452 464 467 485 495 513 532 573 619 645 715 729 742 768 772 776 827 841 897 909 912 913 950 971 987 998 999 1087 1141 1147 1201 1235 1240 1241 1324 1326 1347 1361 1406 1463 1512 1527 1543 1549 1602 1747 1800 1838 1894 1901 1907 1908 1945 1993 1994 1995 2000 2016 2069 2076 2088 2097 2115 2144 2160 2161 2166 2167 2241 2301 2380 2420 2434 2514 2524 2525 2546 2559 2561 2588 
#module 74 size: 485 bs: 0.0214158
10 17 18 33 36 43 46 47 59 72 73 74 76 78 79 83 87 90 91 97 104 106 110 113 122 123 124 125 127 131 133 142 146 153 154 157 160 169 175 179 181 190 192 193 198 202 203 204 205 207 212 214 217 224 227 229 230 234 235 238 241 246 253 257 261 263 271 274 280 293 296 301 310 315 330 336 338 345 349 353 354 355 356 359 362 368 369 371 377 383 386 387 388 391 392 393 394 406 413 420 427 438 439 450 458 461 469 476 480 489 493 494 505 510 511 518 519 520 526 527 545 547 553 560 561 570 576 579 587 597 599 600 604 605 607 608 609 610 611 620 622 626 627 628 631 646 655 658 662 665 666 667 668 674 676 680 685 687 696 698 703 705 716 718 720 724 726 731 737 741 745 747 763 766 771 774 797 808 821 823 832 834 839 840 851 863 864 866 867 869 871 872 873 874 890 899 903 906 916 920 938 946 949 954 955 969 975 979 989 1014 1017 1038 1050 1051 1052 1055 1056 1057 1058 1059 1066 1067 1068 1072 1075 1079 1088 1091 1093 1094 1103 1116 1157 1171 1179 1196 1200 1211 1220 1243 1245 1246 1247 1258 1280 1283 1284 1289 1291 1300 1306 1307 1310 1315 1318 1320 1340 1342 1352 1356 1359 1366 1373 1374 1375 1381 1389 1390 1399 1405 1417 1418 1421 1450 1452 1491 1492 1499 1508 1520 1524 1526 1538 1547 1548 1562 1564 1565 1574 1577 1579 1591 1605 1637 1645 1652 1656 1659 1668 1672 1700 1701 1704 1709 1710 1718 1724 1754 1755 1756 1758 1760 1763 1766 1772 1778 1786 1787 1801 1806 1810 1811 1814 1815 1820 1821 1822 1829 1844 1845 1856 1857 1867 1868 1871 1879 1884 1885 1886 1887 1902 1906 1910 1914 1916 1922 1923 1928 1932 1935 1939 1974 1975 2013 2019 2020 2021 2024 2026 2043 2049 2050 2055 2056 2068 2072 2081 2085 2095 2114 2124 2138 2147 2159 2162 2176 2207 2209 2214 2218 2223 2227 2228 2230 2239 2242 2245 2255 2258 2260 2266 2270 2279 2287 2306 2307 2322 2325 2335 2336 2337 2340 2344 2351 2352 2355 2357 2366 2373 2374 2375 2376 2378 2382 2383 2385 2388 2389 2390 2400 2410 2411 2412 2413 2414 2416 2417 2421 2422 2432 2433 2437 2448 2452 2453 2458 2459 2471 2477 2488 2498 2499 2500 2501 2505 2506 2507 2513 2526 2532 2535 2538 2540 2549 2552 2562 2567 2569 2570 2575 2576 2579 2590 2595 2599 2603 2606 2608 2610 2611 2613 2650 2654 2655 2661 2662 2666 2670 2671 2676 2678 2681 2683 2689 2707 
#module 75 size: 3 bs: 1
399 1250 1251 
#module 76 size: 3 bs: 1
176 379 756 
#module 77 size: 5 bs: 1
282 589 592 1144 1509 
#module 78 size: 4 bs: 1
340 341 529 709 
#module 79 size: 6 bs: 1
364 365 366 590 2112 2572 
#module 80 size: 3 bs: 1
1999 2003 2515 
#module 81 size: 3 bs: 1
524 1169 1454 
#module 82 size: 3 bs: 1
921 1265 1725 
#module 83 size: 9 bs: 1
1108 1276 1308 1415 1503 1504 1506 1507 1525 
#module 84 size: 5 bs: 1
1759 2288 2697 2698 2700 
#module 85 size: 4 bs: 1
1764 1765 1770 1938 
#module 86 size: 3 bs: 1
1777 1802 2064 
#module 87 size: 3 bs: 1
1804 1805 2289 
#module 88 size: 4 bs: 1
2236 2262 2435 2542 
#module 89 size: 3 bs: 1
2247 2263 2701 
#module 90 size: 7 bs: 1
19 424 571 1762 2331 2495 2694 
#module 91 size: 5 bs: 1
61 240 2308 2637 2652 
#module 92 size: 12 bs: 1
820 829 830 907 918 962 1115 1146 1252 1477 1485 1634 
#module 93 size: 9 bs: 1
281 858 991 1084 1368 1951 2035 2303 2556 
#module 94 size: 4 bs: 1
941 1441 1638 1717 
#module 95 size: 4 bs: 1
272 516 914 1551 
#module 96 size: 8 bs: 1
1955 2149 2188 2189 2190 2194 2365 2668 
#module 97 size: 11 bs: 1
522 525 684 1158 1199 1419 1425 1427 1550 1555 1624 
#module 98 size: 5 bs: 1
100 265 758 1980 2457 
#module 99 size: 10 bs: 1
101 331 926 1112 1403 2415 2596 2669 2680 2686 
#module 100 size: 14 bs: 1
1773 1775 1788 1793 1794 1795 2082 2116 2125 2143 2178 2181 2545 2582 
#module 101 size: 8 bs: 1
1120 1677 1753 2191 2268 2275 2445 2522 
#module 102 size: 33 bs: 1
71 135 164 418 517 654 661 677 740 804 859 929 1104 1170 1198 1260 1262 1269 1312 1559 1599 1641 1664 1667 1683 1697 1703 1791 2090 2118 2442 2509 2530 
#module 103 size: 28 bs: 1
28 144 254 405 407 409 444 586 753 968 1005 1176 1285 1293 1298 1313 1382 1592 1600 1606 1623 1655 1866 2272 2278 2283 2284 2381 
#module 104 size: 25 bs: 1
26 297 441 809 812 814 908 919 1041 1044 1080 1129 1190 1222 1229 1321 1341 1365 1615 1639 1903 2297 2304 2612 2625 
#module 105 size: 24 bs: 1
408 447 531 630 648 693 948 1022 1272 1281 1282 1346 1446 1451 1471 1494 1501 1604 1633 2186 2187 2314 2321 2370 
